nan	4.840793e-312
nan	4.079994e-320
nan	4.079994e-320
nan	4.079994e-320
nan	4.079994e-320
nan	4.079994e-320
nan	4.079994e-320
nan	4.079994e-320
nan	4.079994e-320
nan	4.079994e-320
nan	4.079994e-320
nan	4.079994e-320
nan	4.079994e-320
nan	4.079994e-320
nan	4.079994e-320
nan	4.079994e-320
nan	4.079994e-320
nan	4.079994e-320
nan	4.079994e-320
nan	4.079994e-320
nan	4.079994e-320
nan	4.079994e-320
nan	4.079994e-320
nan	4.079994e-320
nan	4.079994e-320
nan	4.079994e-320
nan	4.079994e-320
nan	4.079994e-320
nan	4.079994e-320
nan	4.079994e-320
nan	4.079994e-320
nan	4.079994e-320
nan	4.079994e-320
nan	4.079994e-320
nan	4.079994e-320
nan	4.079994e-320
nan	4.079994e-320
nan	4.079994e-320
nan	4.079994e-320
nan	4.079994e-320
nan	4.079994e-320
